(359498, 1002) (359498,)
(21146, 1002) (21146,)
(42293, 1002) (42293,)
              precision    recall  f1-score   support

           0       0.86      0.85      0.86     11656
           1       0.88      0.84      0.86     10867
           2       0.89      0.93      0.91     15244
           3       0.85      0.81      0.83      4526

    accuracy                           0.87     42293
   macro avg       0.87      0.86      0.86     42293
weighted avg       0.87      0.87      0.87     42293

[[ 9911   748   742   255]
 [  806  9156   712   193]
 [  432   376 14253   183]
 [  315   176   378  3657]]
